0;2;2;0;3;1/
11100
00000
00000
00000
00000
1;2;3;0;3;3/
11100
01000
11100
00000
00000
2;2;1;0;3;4/
01000
11000
01100
01000
00000
3;2;2;0;2;3/
11000
11000
01000
00000
00000
4;1;2;0;2;3/
11000
10000
11000
00000
00000
5;2;1;0;2;1/
11000
00000
00000
00000
00000
6;1;2;0;3;4/
01100
01000
01000
11000
00000
7;1;3;0;2;2/
11000
01000
00000
00000
00000
8;4;2;0;4;2/
11100
01110
00000
00000
00000
9;2;2;0;3;2/
11100
01000
00000
00000
00000
10;3;1;0;2;2/
01000
11000
00000
00000
00000
11;3;4;1;2;4/
10000
10000
11000
10000
00000
12;0;3;1;4;3/
00100
11110
00100
00000
00000
13;1;4;1;5;3/
00100
11111
00100
00000
00000
14;3;2;1;2;3/
01000
11000
10000
00000
00000
15;5;3;1;3;4/
01000
11100
11100
01000
00000
16;4;2;1;2;3/
10000
10000
11000
00000
00000
17;1;5;1;4;2/
10010
11110
00000
00000
00000
18;7;1;1;5;1/
11111
00000
00000
00000
00000
19;10;3;2;2;4/
10000
10000
10000
11000
00000
20;7;2;2;4;3/
10000
11110
10000
00000
00000
21;3;3;1;4;1/
11110
00000
00000
00000
00000
22;2;3;1;4;2/
01110
11000
00000
00000
00000
23;5;5;2;3;3/
00100
11100
00100
00000
00000
24;5;4;2;3;3/
01000
11100
01000
00000
00000
25;3;6;2;3;3/
11000
01100
11000
00000
00000
26;10;5;3;2;4/
11000
11000
01000
01000
00000
27;7;4;2;2;4/
10000
11000
11000
10000
00000
28;8;6;3;3;3/
00100
11100
11000
00000
00000
29;6;5;2;2;2/
11000
11000
00000
00000
00000
30;7;6;3;3;2/
11000
01100
00000
00000
00000
31;10;4;3;3;3/
00100
01100
11000
00000
00000
32;4;6;2;3;2/
00100
11100
00000
00000
00000