0;3;4;1;2;2/
11000
11000
00000
00000
00000
0;3;4;1;2;2/
11000
11000
00000
00000
00000
0;3;4;1;2;2/
11000
11000
00000
00000
00000
0;3;4;1;2;2/
11000
11000
00000
00000
00000
0;3;4;1;2;2/
11000
11000
00000
00000
00000
0;3;4;1;2;2/
11000
11000
00000
00000
00000
0;3;4;1;2;2/
11000
11000
00000
00000
00000
0;3;4;1;2;2/
11000
11000
00000
00000
00000
0;3;4;1;2;2/
11000
11000
00000
00000
00000
0;3;4;1;2;2/
11000
11000
00000
00000
00000
0;3;4;1;2;2/
11000
11000
00000
00000
00000
0;3;4;1;2;2/
11000
11000
00000
00000
00000
0;3;4;1;2;2/
11000
11000
00000
00000
00000
0;3;4;1;2;2/
11000
11000
00000
00000
00000
0;3;4;1;2;2/
11000
11000
00000
00000
00000
0;3;4;1;2;2/
11000
11000
00000
00000
00000
0;3;4;1;2;2/
11000
11000
00000
00000
00000
0;3;4;1;2;2/
11000
11000
00000
00000
00000
0;3;4;1;2;2/
11000
11000
00000
00000
00000
0;3;4;1;2;2/
11000
11000
00000
00000
00000
1;2;2;0;2;2/
11000
11000
00000
00000
00000
1;2;2;0;2;2/
11000
11000
00000
00000
00000
1;2;2;0;2;2/
11000
11000
00000
00000
00000
1;2;2;0;2;2/
11000
11000
00000
00000
00000
1;2;2;0;2;2/
11000
11000
00000
00000
00000
1;2;2;0;2;2/
11000
11000
00000
00000
00000
1;2;2;0;2;2/
11000
11000
00000
00000
00000
1;2;2;0;2;2/
11000
11000
00000
00000
00000
1;2;2;0;2;2/
11000
11000
00000
00000
00000
1;2;2;0;2;2/
11000
11000
00000
00000
00000
1;2;2;0;2;2/
11000
11000
00000
00000
00000
1;2;2;0;2;2/
11000
11000
00000
00000
00000
1;2;2;0;2;2/
11000
11000
00000
00000
00000
1;2;2;0;2;2/
11000
11000
00000
00000
00000
1;2;2;0;2;2/
11000
11000
00000
00000
00000
1;2;2;0;2;2/
11000
11000
00000
00000
00000
1;2;2;0;2;2/
11000
11000
00000
00000
00000
1;2;2;0;2;2/
11000
11000
00000
00000
00000
1;2;2;0;2;2/
11000
11000
00000
00000
00000
1;2;2;0;2;2/
11000
11000
00000
00000
00000